-1,-1,-1,-1,-1,-1,-1,-1,-1,-1,-1,-1,-1,-1,-1,-1,-1,-1,-1,-1
-1,-1,-1,-1,-1,-1,-1,-1,-1,-1,-1,-1,-1,-1,-1,-1,-1,-1,-1,-1
-1,-1,-1,-1,-1,-1,-1,-1,-1,-1,-1,-1,-1,-1,-1,-1,-1,-1,-1,-1
-1,-1,-1,-1,-1,-1,-1,-1,-1,-1,-1,-1,-1,-1,-1,-1,-1,-1,-1,-1
-1,-1,-1,-1,-1,-1,-1,-1,-1,-1,-1,-1,-1,-1,-1,-1,-1,-1,-1,-1
-1,-1,-1,158,158,158,158,158,158,158,158,158,158,158,158,158,158,-1,-1,-1
-1,-1,158,-1,-1,-1,-1,-1,-1,-1,-1,-1,-1,-1,-1,-1,-1,158,-1,-1
-1,-1,158,-1,-1,-1,-1,-1,-1,-1,-1,-1,-1,-1,-1,-1,-1,158,-1,-1
-1,-1,158,-1,-1,-1,-1,-1,-1,-1,-1,-1,-1,-1,-1,-1,-1,158,-1,-1
-1,-1,158,-1,-1,-1,-1,-1,-1,-1,-1,-1,-1,-1,-1,-1,-1,158,-1,-1
-1,-1,158,-1,-1,-1,-1,-1,-1,-1,-1,-1,-1,-1,-1,-1,-1,158,-1,-1
-1,-1,158,-1,-1,-1,-1,-1,-1,-1,-1,-1,-1,-1,-1,-1,-1,158,-1,-1
-1,-1,158,-1,-1,-1,-1,-1,-1,-1,-1,-1,-1,-1,-1,-1,-1,158,-1,-1
-1,-1,-1,158,158,158,158,158,158,19,158,158,158,158,158,158,158,-1,-1,-1
-1,-1,-1,-1,-1,-1,-1,-1,-1,-1,-1,-1,-1,-1,-1,-1,-1,-1,-1,-1
-1,-1,-1,-1,-1,-1,-1,-1,-1,-1,-1,-1,-1,-1,-1,-1,-1,-1,-1,-1
-1,-1,-1,-1,-1,-1,-1,-1,-1,-1,-1,-1,-1,-1,-1,-1,-1,-1,-1,-1
-1,-1,-1,-1,-1,-1,-1,-1,-1,-1,-1,-1,-1,-1,-1,-1,-1,-1,-1,-1
-1,-1,-1,-1,-1,-1,-1,-1,-1,-1,-1,-1,-1,-1,-1,-1,-1,-1,-1,-1
-1,-1,-1,-1,-1,-1,-1,-1,-1,-1,-1,-1,-1,-1,-1,-1,-1,-1,-1,-1